BestEval: 7.375615 en 
posicion x[0]: -0.650128, x[1]: -0.390474, x[2]: 0.859865, x[3]: -0.454262, x[4]: 0.599381, x[5]: 0.304355, x[6]: -0.416406, x[7]: 0.715683, x[8]: -0.114914, x[9]: 0.297060

BestEval: 7.762990 en 
posicion x[0]: -0.567331, x[1]: -0.018806, x[2]: 0.930657, x[3]: -0.549714, x[4]: 0.486367, x[5]: 0.632399, x[6]: -0.595849, x[7]: 0.685426, x[8]: -0.044011, x[9]: 0.171328

BestEval: 7.995848 en
posicion x[0]: -0.306000, x[1]: -0.149437, x[2]: 0.974520, x[3]: -0.429331, x[4]: 0.246039, x[5]: 0.391237, x[6]: -0.534480, x[7]: 0.592480, x[8]: 0.312639, x[9]: 0.170782

BestEval: 8.297500 en posicion x[0]: -0.288698, x[1]: -0.223875, x[2]: 0.984439, x[3]: -0.618593, x[4]: 0.467934, x[5]: 0.238964, x[6]: -0.582779, x[7]: 0.572957, x[8]: -0.119530, x[9]: 0.354291

BestEval: 8.814971 en posicion x[0]: -0.288698, x[1]: -0.223975, x[2]: 0.984439, x[3]: -0.618593, x[4]: 0.467934, x[5]: 0.238864, x[6]: -0.582479, x[7]: 0.573157, x[8]: -0.119130, x[9]: 0.354691

BestEval: 8.864766 en posicion x[0]: -0.288798, x[1]: -0.224075, x[2]: 0.984339, x[3]: -0.618793, x[4]: 0.467834, x[5]: 0.238764, x[6]: -0.582579, x[7]: 0.573057, x[8]: -0.119330, x[9]: 0.354591

BestEval: 8.950437 en posicion x[0]: -0.453124, x[1]: -0.144872, x[2]: 0.733530, x[3]: -0.508570, x[4]: 0.433468, x[5]: 0.279276, x[6]: -0.781144, x[7]: 0.650693, x[8]: 0.109844, x[9]: 0.203662

BestEval: 9.054254 en posicion x[0]: -0.453324, x[1]: -0.145072, x[2]: 0.733330, x[3]: -0.508770, x[4]: 0.433268, x[5]: 0.278676, x[6]: -0.781244, x[7]: 0.650693, x[8]: 0.109844, x[9]: 0.203562

BestEval: 9.073100 en posicion x[0]: -0.421314, x[1]: -0.345991, x[2]: 0.942166, x[3]: -0.659162, x[4]: 0.429083, x[5]: 0.352941, x[6]: -0.944003, x[7]: 0.695467, x[8]: 0.111597, x[9]: 0.314341

BestEval: 9.155197 en posicion x[0]: -0.421114, x[1]: -0.345891, x[2]: 0.942266, x[3]: -0.659062, x[4]: 0.428783, x[5]: 0.352841, x[6]: -0.501241, x[7]: 0.695467, x[8]: 0.111597, x[9]: 0.106168

BestEval: 9.239662 en posicion x[0]: -0.420914, x[1]: -0.345491, x[2]: 0.942466, x[3]: -0.658662, x[4]: 0.429383, x[5]: 0.353241, x[6]: -0.500641, x[7]: 0.695867, x[8]: 0.112097, x[9]: 0.106768

BestEval: 9.250030 en posicion x[0]: -0.420814, x[1]: -0.345991, 
	  	      	       	     		          x[2]: 0.942066, x[3]: -0.659062, 
							  x[4]: 0.429183, x[5]: 0.353041, 
							  x[6]: -0.499841, x[7]: 0.695867, 
							  x[8]: 0.111597, x[9]: 0.107068

BestEval: 9.498307 en posicion x[0]: -0.399144, x[1]: -0.147722, 
                                                          x[2]: 0.979405, x[3]: -0.679895,
                                                          x[4]: 0.297993, x[5]: 0.340747, 
                                                          x[6]: -0.798089, x[7]: 0.644687, 
                                                          x[8]: 0.016513, x[9]: 0.199733

BestEval: 9.498307 en posicion x[0]: -0.399144, x[1]: -0.147722, x[2]: 0.979405, x[3]: -0.679895, x[4]: 0.297993, x[5]: 0.340747, x[6]: -0.798089, x[7]: 0.644687, x[8]: 0.016513, x[9]: 0.199733

BestEval: 9.543066 en posicion x[0]: -0.398344, x[1]: -0.147422, 
                                                          x[2]: 0.980005, x[3]: -0.679195, 
							  x[4]: 0.298793, x[5]: 0.341247, 
							  x[6]: -0.798189, x[7]: 0.644587, 
							  x[8]: 0.016713, x[9]: 0.200433 


BSF[0]: -0.436244
BSF[1]: -0.251272
BSF[2]: 0.952055
BSF[3]: -0.596395
BSF[4]: 0.389403
BSF[5]: 0.358617
BSF[6]: -0.693459
BSF[7]: 0.672297
BSF[8]: 0.060173
BSF[9]: 0.236553
BestSoFarGeneral: 9.999794
